# File Name
System.CurrrentDirectory  ./    # default=./
System.Name               Rand1
DATA.PATH                 /TGM/Apps/OpenMX/3.9/openmx3.9.9/DFT_DATA19
level.of.stdout           1    # default=1 (1-3)
level.of.fileout          2    # default=1 (0-2)

# Definition of Atomic Species
Species.Number       1
<Definition.of.Atomic.Species
  C	C6.0-s2p2d1	C_PBE19
Definition.of.Atomic.Species>

# Atoms
Atoms.Number	180
Atoms.SpeciesAndCoordinates.Unit	FRAC
<Atoms.SpeciesAndCoordinates
1	C	0.029899607993	0.045240263929	0.000000000000	2.0	2.0
2	C	0.032036512480	0.167796601460	0.000000000000	2.0	2.0
3	C	0.035701662654	0.278810676114	0.000000000000	2.0	2.0
4	C	0.033552830217	0.386770255292	0.000000000000	2.0	2.0
5	C	0.024389031590	0.497560199714	0.000000000000	2.0	2.0
6	C	0.031751798632	0.601461986974	0.000000000000	2.0	2.0
7	C	0.033518515069	0.722287729567	0.000000000000	2.0	2.0
8	C	0.032885858630	0.834522858934	0.000000000000	2.0	2.0
9	C	0.038429908552	0.944511896062	0.000000000000	2.0	2.0
10	C	0.233333128563	0.058040369263	0.000000000000	2.0	2.0
11	C	0.234585312619	0.170113369663	0.000000000000	2.0	2.0
12	C	0.232727004405	0.277276449094	0.000000000000	2.0	2.0
13	C	0.229375959636	0.390097120624	0.000000000000	2.0	2.0
14	C	0.231609421660	0.498923432670	0.000000000000	2.0	2.0
15	C	0.230863892034	0.614769311158	0.000000000000	2.0	2.0
16	C	0.233659602728	0.722529139981	0.000000000000	2.0	2.0
17	C	0.234513396111	0.831958321732	0.000000000000	2.0	2.0
18	C	0.230985194602	0.943302663968	0.000000000000	2.0	2.0
19	C	0.433602898529	0.054377807136	0.000000000000	2.0	2.0
20	C	0.434397106832	0.171587370443	0.000000000000	2.0	2.0
21	C	0.432614479772	0.277454708421	0.000000000000	2.0	2.0
22	C	0.435151235040	0.392183333445	0.000000000000	2.0	2.0
23	C	0.437117082772	0.500974005542	0.000000000000	2.0	2.0
24	C	0.435095646352	0.616222024490	0.000000000000	2.0	2.0
25	C	0.435244639852	0.716665341512	0.000000000000	2.0	2.0
26	C	0.428744208753	0.832022375004	0.000000000000	2.0	2.0
27	C	0.431680905904	0.943047544284	0.000000000000	2.0	2.0
28	C	0.631516596613	0.060921743467	0.000000000000	2.0	2.0
29	C	0.632390347671	0.170102799700	0.000000000000	2.0	2.0
30	C	0.633997607647	0.276829934658	0.000000000000	2.0	2.0
31	C	0.632709798254	0.389610548898	0.000000000000	2.0	2.0
32	C	0.623937489021	0.502397502252	0.000000000000	2.0	2.0
33	C	0.634164967235	0.612146803321	0.000000000000	2.0	2.0
34	C	0.632450701056	0.716853166610	0.000000000000	2.0	2.0
35	C	0.632889013715	0.831808999930	0.000000000000	2.0	2.0
36	C	0.631945747915	0.944112625272	0.000000000000	2.0	2.0
37	C	0.832606052720	0.056594695589	0.000000000000	2.0	2.0
38	C	0.831566110147	0.170343526022	0.000000000000	2.0	2.0
39	C	0.832036285481	0.277382422299	0.000000000000	2.0	2.0
40	C	0.832154971329	0.390589922122	0.000000000000	2.0	2.0
41	C	0.832974792321	0.495605466461	0.000000000000	2.0	2.0
42	C	0.831065538862	0.610950827392	0.000000000000	2.0	2.0
43	C	0.833190736101	0.721075589381	0.000000000000	2.0	2.0
44	C	0.832263969978	0.831109998716	0.000000000000	2.0	2.0
45	C	0.837451781150	0.946737546038	0.000000000000	2.0	2.0
46	C	0.133008926670	-0.001112627308	0.000000000000	2.0	2.0
47	C	0.121718416790	0.111915129064	0.000000000000	2.0	2.0
48	C	0.131638754631	0.225570356695	0.000000000000	2.0	2.0
49	C	0.134162296691	0.331724834226	0.000000000000	2.0	2.0
50	C	0.131219836187	0.442775221541	0.000000000000	2.0	2.0
51	C	0.135276223498	0.555735875936	0.000000000000	2.0	2.0
52	C	0.129671306726	0.666401728916	0.000000000000	2.0	2.0
53	C	0.130771365013	0.777205774728	0.000000000000	2.0	2.0
54	C	0.138432646891	0.891212963934	0.000000000000	2.0	2.0
55	C	0.331228357280	-0.000521729310	0.000000000000	2.0	2.0
56	C	0.337194746221	0.120714400802	0.000000000000	2.0	2.0
57	C	0.332495165157	0.223023960252	0.000000000000	2.0	2.0
58	C	0.333969247423	0.333333586773	0.000000000000	2.0	2.0
59	C	0.331824563561	0.445302677344	0.000000000000	2.0	2.0
60	C	0.329954778053	0.556677297977	0.000000000000	2.0	2.0
61	C	0.330929070175	0.671124997458	0.000000000000	2.0	2.0
62	C	0.331410215249	0.778571645907	0.000000000000	2.0	2.0
63	C	0.329361058074	0.888091729670	0.000000000000	2.0	2.0
64	C	0.538341794568	0.002077711890	0.000000000000	2.0	2.0
65	C	0.523677674631	0.113595476908	0.000000000000	2.0	2.0
66	C	0.534696742546	0.213460950647	0.000000000000	2.0	2.0
67	C	0.532931666901	0.336785373241	0.000000000000	2.0	2.0
68	C	0.527639816922	0.448105626059	0.000000000000	2.0	2.0
69	C	0.531831121762	0.553979289833	0.000000000000	2.0	2.0
70	C	0.536880686897	0.664948950824	0.000000000000	2.0	2.0
71	C	0.534075709297	0.781373418059	0.000000000000	2.0	2.0
72	C	0.536706721526	0.889861586185	0.000000000000	2.0	2.0
73	C	0.731680892094	0.001106050057	0.000000000000	2.0	2.0
74	C	0.733935397298	0.112506040388	0.000000000000	2.0	2.0
75	C	0.742722890650	0.220958558330	0.000000000000	2.0	2.0
76	C	0.730803121514	0.322526394236	0.000000000000	2.0	2.0
77	C	0.735558340498	0.449474789565	0.000000000000	2.0	2.0
78	C	0.733986986107	0.557378525024	0.000000000000	2.0	2.0
79	C	0.729951270079	0.665324220394	0.000000000000	2.0	2.0
80	C	0.729724146028	0.776973318470	0.000000000000	2.0	2.0
81	C	0.734919361012	0.889551932891	0.000000000000	2.0	2.0
82	C	0.928181341882	-0.000146946418	0.000000000000	2.0	2.0
83	C	0.933351067436	0.112245227190	0.000000000000	2.0	2.0
84	C	0.935943052333	0.216243724492	0.000000000000	2.0	2.0
85	C	0.929543373423	0.338136656858	0.000000000000	2.0	2.0
86	C	0.935442776642	0.444065017688	0.000000000000	2.0	2.0
87	C	0.934231838869	0.555938327712	0.000000000000	2.0	2.0
88	C	0.932932303632	0.667254486264	0.000000000000	2.0	2.0
89	C	0.933545232829	0.782062756138	0.000000000000	2.0	2.0
90	C	0.932310384818	0.886628146656	0.000000000000	2.0	2.0
91	C	0.060110095080	0.009598345685	0.000000000000	2.0	2.0
92	C	0.065799342244	0.120242507555	0.000000000000	2.0	2.0
93	C	0.065669217329	0.221851513064	0.000000000000	2.0	2.0
94	C	0.069184850128	0.331844123947	0.000000000000	2.0	2.0
95	C	0.068679930366	0.443891370389	0.000000000000	2.0	2.0
96	C	0.064902981604	0.554693454313	0.000000000000	2.0	2.0
97	C	0.071158578562	0.670170652957	0.000000000000	2.0	2.0
98	C	0.064720919111	0.781055572382	0.000000000000	2.0	2.0
99	C	0.065806592901	0.889331174306	0.000000000000	2.0	2.0
100	C	0.266309289937	-0.005069223442	0.000000000000	2.0	2.0
101	C	0.255392721761	0.111143591305	0.000000000000	2.0	2.0
102	C	0.266723229328	0.224194760506	0.000000000000	2.0	2.0
103	C	0.268645636132	0.332031840018	0.000000000000	2.0	2.0
104	C	0.268060265728	0.447748807989	0.000000000000	2.0	2.0
105	C	0.264645494121	0.561927500136	0.000000000000	2.0	2.0
106	C	0.262439877761	0.658047690187	0.000000000000	2.0	2.0
107	C	0.261259428205	0.779706350269	0.000000000000	2.0	2.0
108	C	0.267366303661	0.885016988894	0.000000000000	2.0	2.0
109	C	0.466644183192	0.000451231098	0.000000000000	2.0	2.0
110	C	0.467473912621	0.110723235277	0.000000000000	2.0	2.0
111	C	0.470574928650	0.213040604351	0.000000000000	2.0	2.0
112	C	0.467562149165	0.334750493195	0.000000000000	2.0	2.0
113	C	0.466957870972	0.446980478699	0.000000000000	2.0	2.0
114	C	0.463096408527	0.556230643418	0.000000000000	2.0	2.0
115	C	0.470937887343	0.667376567857	0.000000000000	2.0	2.0
116	C	0.461716576608	0.779109366228	0.000000000000	2.0	2.0
117	C	0.465786446399	0.889531614978	0.000000000000	2.0	2.0
118	C	0.655663882357	-0.000350442024	0.000000000000	2.0	2.0
119	C	0.668326600139	0.109516547997	0.000000000000	2.0	2.0
120	C	0.662103562964	0.223547494483	0.000000000000	2.0	2.0
121	C	0.662706759682	0.338150093360	0.000000000000	2.0	2.0
122	C	0.668077250774	0.442641770138	0.000000000000	2.0	2.0
123	C	0.671001087804	0.559572937249	0.000000000000	2.0	2.0
124	C	0.663125174791	0.676242710499	0.000000000000	2.0	2.0
125	C	0.666559330806	0.775330072650	0.000000000000	2.0	2.0
126	C	0.662886474237	0.887701558296	0.000000000000	2.0	2.0
127	C	0.871850151761	-0.003438986735	0.000000000000	2.0	2.0
128	C	0.870392105507	0.110587675678	0.000000000000	2.0	2.0
129	C	0.867757675988	0.222928107417	0.000000000000	2.0	2.0
130	C	0.868707187670	0.335371557543	0.000000000000	2.0	2.0
131	C	0.867848818099	0.443796542430	0.000000000000	2.0	2.0
132	C	0.865622171437	0.555408409271	0.000000000000	2.0	2.0
133	C	0.865165767589	0.665490369077	0.000000000000	2.0	2.0
134	C	0.862808499833	0.773740642442	0.000000000000	2.0	2.0
135	C	0.876716149959	0.889732031574	0.000000000000	2.0	2.0
136	C	0.162805721051	0.046508197057	0.000000000000	2.0	2.0
137	C	0.166549290619	0.160943497221	0.000000000000	2.0	2.0
138	C	0.171967875994	0.277139825503	0.000000000000	2.0	2.0
139	C	0.166955164228	0.386753965852	0.000000000000	2.0	2.0
140	C	0.162653031163	0.496754407129	0.000000000000	2.0	2.0
141	C	0.164331117846	0.612287252254	0.000000000000	2.0	2.0
142	C	0.165817661882	0.721421748659	0.000000000000	2.0	2.0
143	C	0.167536838591	0.832795667622	0.000000000000	2.0	2.0
144	C	0.162587653664	0.950574805413	0.000000000000	2.0	2.0
145	C	0.367972852940	0.057475904322	0.000000000000	2.0	2.0
146	C	0.368048423917	0.167927143822	0.000000000000	2.0	2.0
147	C	0.370231424127	0.278863667211	0.000000000000	2.0	2.0
148	C	0.362431193747	0.384707321018	0.000000000000	2.0	2.0
149	C	0.368129743720	0.498338498672	0.000000000000	2.0	2.0
150	C	0.367987323850	0.611455030774	0.000000000000	2.0	2.0
151	C	0.365170913157	0.712160187258	0.000000000000	2.0	2.0
152	C	0.366615466048	0.833933691067	0.000000000000	2.0	2.0
153	C	0.363207254104	0.948566324283	0.000000000000	2.0	2.0
154	C	0.564312776141	0.056345929135	0.000000000000	2.0	2.0
155	C	0.567044521960	0.169907437802	0.000000000000	2.0	2.0
156	C	0.567936889098	0.282521089022	0.000000000000	2.0	2.0
157	C	0.563018039835	0.384875310167	0.000000000000	2.0	2.0
158	C	0.564248360126	0.499454670404	0.000000000000	2.0	2.0
159	C	0.568927571848	0.611757466630	0.000000000000	2.0	2.0
160	C	0.571035394513	0.727305961108	0.000000000000	2.0	2.0
161	C	0.566099576704	0.831398824287	0.000000000000	2.0	2.0
162	C	0.561298166500	0.940603320229	0.000000000000	2.0	2.0
163	C	0.761180948448	0.056401032683	0.000000000000	2.0	2.0
164	C	0.768780320430	0.165553704434	0.000000000000	2.0	2.0
165	C	0.764318353616	0.275394691556	0.000000000000	2.0	2.0
166	C	0.770810363054	0.378721122599	0.000000000000	2.0	2.0
167	C	0.769040995886	0.495887380255	0.000000000000	2.0	2.0
168	C	0.767881302784	0.609861416563	0.000000000000	2.0	2.0
169	C	0.770143371007	0.723163502754	0.000000000000	2.0	2.0
170	C	0.773142740098	0.829457972148	0.000000000000	2.0	2.0
171	C	0.765571553001	0.945541121051	0.000000000000	2.0	2.0
172	C	0.965552009180	0.057981449435	0.000000000000	2.0	2.0
173	C	0.972288814529	0.167743610681	0.000000000000	2.0	2.0
174	C	0.970526917904	0.278641057887	0.000000000000	2.0	2.0
175	C	0.965429526418	0.386926361949	0.000000000000	2.0	2.0
176	C	0.964133762184	0.500491344068	0.000000000000	2.0	2.0
177	C	0.968009595209	0.607711919914	0.000000000000	2.0	2.0
178	C	0.967472873255	0.712296318217	0.000000000000	2.0	2.0
179	C	0.967350801146	0.834984266290	0.000000000000	2.0	2.0
180	C	0.964163508818	0.943912303838	0.000000000000	2.0	2.0
Atoms.SpeciesAndCoordinates>
Atoms.UnitVectors.Unit             Ang #  Ang|AU
<Atoms.UnitVectors                     # unit=Ang.
	21.3388652802	0.0000000000	0.0000000000
	0.0000000000	22.1760000000	0.0000000000
	0.0000000000	0.0000000000	20.0000000000
Atoms.UnitVectors>

# SCF or Electronic System
scf.XcType                 GGA-PBE     # LDA|LSDA-CA|LSDA-PW
scf.SpinPolarization       off         # On|Off
scf.ElectronicTemperature  300.0       # default=300 (K)
scf.energycutoff           300.0       # default=150 (Ry)
scf.maxIter                200         # default=40
scf.EigenvalueSolver       band        # Recursion|Cluster|Band
scf.lapack.dste            dstevx      # dstegr|dstedc|dstevx, default=dstegr
scf.Kgrid                 18 18 1      # means nk1xnk2xnk3
scf.Mixing.Type           rmm-diisk    # Simple|Rmm-Diis|Gr-Pulay
scf.Init.Mixing.Weight     0.010       # default=0.30
scf.Min.Mixing.Weight      0.001       # default=0.001
scf.Max.Mixing.Weight      0.200       # default=0.40
scf.Mixing.History         15          # default=5
scf.Mixing.StartPulay       5          # default=6
scf.criterion             1.0e-8       # default=1.0e-6 (Hartree)
scf.Ngrid               300 300 300    # x*y*z grids should be able to divide by 6.

# MD or Geometry Optimization
MD.Type                     EF         # Nomd|Opt|NVE|NVT_VS|NVT_NH
                                       # Constraint_Opt|DIIS2|Constraint_DIIS2
MD.Opt.DIIS.History          5         # default=4
MD.Opt.StartDIIS             6         # default=5
MD.Opt.EveryDIIS         10000         # default=10
MD.maxIter                   1         # default=1
MD.TimeStep                1.0         # default=0.5 (fs)
MD.Opt.criterion           1.0e-4      # default=1.0e-4 (Hartree/bohr)

Band.dispersion             off       # on|off, default=off

Dos.fileout                 off       # on|off, default=off
