# File Name
System.CurrrentDirectory  ./    # default=./
System.Name               Rand2
DATA.PATH                 /TGM/Apps/OpenMX/3.9/openmx3.9.9/DFT_DATA19
level.of.stdout           1    # default=1 (1-3)
level.of.fileout          2    # default=1 (0-2)

# Definition of Atomic Species
Species.Number       1
<Definition.of.Atomic.Species
  C	C6.0-s2p2d1	C_PBE19
Definition.of.Atomic.Species>

# Atoms
Atoms.Number	180
Atoms.SpeciesAndCoordinates.Unit	FRAC
<Atoms.SpeciesAndCoordinates
1	C	0.033745637939	0.055344031675	0.000000000000	2.0	2.0
2	C	0.034586608178	0.168330891218	0.000000000000	2.0	2.0
3	C	0.033360507758	0.279193225867	0.000000000000	2.0	2.0
4	C	0.033661292148	0.389240803271	0.000000000000	2.0	2.0
5	C	0.024050255550	0.505552472719	0.000000000000	2.0	2.0
6	C	0.033735803923	0.611325841203	0.000000000000	2.0	2.0
7	C	0.033825462342	0.720788552351	0.000000000000	2.0	2.0
8	C	0.035242645800	0.834059431648	0.000000000000	2.0	2.0
9	C	0.036890516821	0.941172066324	0.000000000000	2.0	2.0
10	C	0.231883273603	0.059242507730	0.000000000000	2.0	2.0
11	C	0.229405484278	0.172999154340	0.000000000000	2.0	2.0
12	C	0.228412447718	0.276403276588	0.000000000000	2.0	2.0
13	C	0.227607252880	0.390924397859	0.000000000000	2.0	2.0
14	C	0.233297137733	0.497928233723	0.000000000000	2.0	2.0
15	C	0.231025681147	0.610971140043	0.000000000000	2.0	2.0
16	C	0.235903095361	0.718992997150	0.000000000000	2.0	2.0
17	C	0.232979495812	0.835665489080	0.000000000000	2.0	2.0
18	C	0.231276711357	0.943409891935	0.000000000000	2.0	2.0
19	C	0.433461176454	0.059283139959	0.000000000000	2.0	2.0
20	C	0.434443245865	0.170495588886	0.000000000000	2.0	2.0
21	C	0.435493188804	0.272032493291	0.000000000000	2.0	2.0
22	C	0.434393214102	0.388120695825	0.000000000000	2.0	2.0
23	C	0.438425383475	0.502292112169	0.000000000000	2.0	2.0
24	C	0.434357295034	0.615874281865	0.000000000000	2.0	2.0
25	C	0.434053149586	0.720413238456	0.000000000000	2.0	2.0
26	C	0.438527340274	0.829986430766	0.000000000000	2.0	2.0
27	C	0.432863445019	0.947948826490	0.000000000000	2.0	2.0
28	C	0.632528178571	0.053926720540	0.000000000000	2.0	2.0
29	C	0.642635015204	0.164177799206	0.000000000000	2.0	2.0
30	C	0.629297339612	0.276774682428	0.000000000000	2.0	2.0
31	C	0.627087358828	0.390196519367	0.000000000000	2.0	2.0
32	C	0.629233925504	0.501072613679	0.000000000000	2.0	2.0
33	C	0.623414843270	0.612799821280	0.000000000000	2.0	2.0
34	C	0.631665100816	0.723424539578	0.000000000000	2.0	2.0
35	C	0.634447420427	0.832502204824	0.000000000000	2.0	2.0
36	C	0.633800142375	0.942974673521	0.000000000000	2.0	2.0
37	C	0.835381873842	0.059934405443	0.000000000000	2.0	2.0
38	C	0.832279673105	0.170970651963	0.000000000000	2.0	2.0
39	C	0.835337231460	0.274458866423	0.000000000000	2.0	2.0
40	C	0.831949626287	0.388630396516	0.000000000000	2.0	2.0
41	C	0.834197021193	0.500913525389	0.000000000000	2.0	2.0
42	C	0.831550611207	0.612671841623	0.000000000000	2.0	2.0
43	C	0.835045186180	0.724496725001	0.000000000000	2.0	2.0
44	C	0.839324924986	0.838763012870	0.000000000000	2.0	2.0
45	C	0.832797028715	0.946579481421	0.000000000000	2.0	2.0
46	C	0.134912242603	0.005340695029	0.000000000000	2.0	2.0
47	C	0.134349991717	0.111961542994	0.000000000000	2.0	2.0
48	C	0.133633530261	0.221240827301	0.000000000000	2.0	2.0
49	C	0.137544689351	0.335787893684	0.000000000000	2.0	2.0
50	C	0.132220227731	0.445146013785	0.000000000000	2.0	2.0
51	C	0.131522274280	0.551641533796	0.000000000000	2.0	2.0
52	C	0.129943357558	0.664621454911	0.000000000000	2.0	2.0
53	C	0.128793859002	0.782390416586	0.000000000000	2.0	2.0
54	C	0.137515581908	0.888250079067	0.000000000000	2.0	2.0
55	C	0.334673310234	-0.001616824765	0.000000000000	2.0	2.0
56	C	0.338385378008	0.112878942719	0.000000000000	2.0	2.0
57	C	0.331595995620	0.222387931768	0.000000000000	2.0	2.0
58	C	0.333958251253	0.328760317452	0.000000000000	2.0	2.0
59	C	0.330983868469	0.446328657357	0.000000000000	2.0	2.0
60	C	0.336767296295	0.557408098637	0.000000000000	2.0	2.0
61	C	0.332572352051	0.661863436010	0.000000000000	2.0	2.0
62	C	0.335766597709	0.776665797088	0.000000000000	2.0	2.0
63	C	0.331685114460	0.889747200286	0.000000000000	2.0	2.0
64	C	0.532883958464	0.001367470324	0.000000000000	2.0	2.0
65	C	0.530950853982	0.110469162852	0.000000000000	2.0	2.0
66	C	0.539284340798	0.227992372580	0.000000000000	2.0	2.0
67	C	0.539016808764	0.332922181970	0.000000000000	2.0	2.0
68	C	0.533676724115	0.445318118319	0.000000000000	2.0	2.0
69	C	0.526776625267	0.555443641357	0.000000000000	2.0	2.0
70	C	0.535535000069	0.660566944495	0.000000000000	2.0	2.0
71	C	0.534766079076	0.777235879035	0.000000000000	2.0	2.0
72	C	0.523047979166	0.889385429136	0.000000000000	2.0	2.0
73	C	0.729932936926	-0.001427659640	0.000000000000	2.0	2.0
74	C	0.733965801084	0.110131288407	0.000000000000	2.0	2.0
75	C	0.733642867513	0.223535678233	0.000000000000	2.0	2.0
76	C	0.733473842454	0.332082066304	0.000000000000	2.0	2.0
77	C	0.736914307617	0.444233020152	0.000000000000	2.0	2.0
78	C	0.733014196299	0.559996985214	0.000000000000	2.0	2.0
79	C	0.732385333628	0.668362981670	0.000000000000	2.0	2.0
80	C	0.736981663003	0.778468374809	0.000000000000	2.0	2.0
81	C	0.739795264458	0.887831027621	0.000000000000	2.0	2.0
82	C	0.933013131938	-0.004002011360	0.000000000000	2.0	2.0
83	C	0.935630734452	0.111414577680	0.000000000000	2.0	2.0
84	C	0.935028818040	0.221431010507	0.000000000000	2.0	2.0
85	C	0.938113117997	0.337192136452	0.000000000000	2.0	2.0
86	C	0.934064407136	0.446210787673	0.000000000000	2.0	2.0
87	C	0.933991418245	0.557041989227	0.000000000000	2.0	2.0
88	C	0.935260830186	0.675759152424	0.000000000000	2.0	2.0
89	C	0.938444182945	0.777507106982	0.000000000000	2.0	2.0
90	C	0.933719957932	0.892477835644	0.000000000000	2.0	2.0
91	C	0.068417523868	-0.000356345685	0.000000000000	2.0	2.0
92	C	0.064081444241	0.116100545813	0.000000000000	2.0	2.0
93	C	0.065015100480	0.219865721300	0.000000000000	2.0	2.0
94	C	0.066147059938	0.336646678830	0.000000000000	2.0	2.0
95	C	0.066759382823	0.445416104927	0.000000000000	2.0	2.0
96	C	0.064633669927	0.557972090519	0.000000000000	2.0	2.0
97	C	0.072168956845	0.666130550498	0.000000000000	2.0	2.0
98	C	0.065122261046	0.768736444870	0.000000000000	2.0	2.0
99	C	0.070767425633	0.893543090536	0.000000000000	2.0	2.0
100	C	0.267513606517	-0.000397486871	0.000000000000	2.0	2.0
101	C	0.266263390174	0.116131803987	0.000000000000	2.0	2.0
102	C	0.267498663008	0.226168098733	0.000000000000	2.0	2.0
103	C	0.267500948767	0.335054559883	0.000000000000	2.0	2.0
104	C	0.266096466655	0.444572459525	0.000000000000	2.0	2.0
105	C	0.268898776622	0.557413204860	0.000000000000	2.0	2.0
106	C	0.262194298672	0.664660583868	0.000000000000	2.0	2.0
107	C	0.271569580419	0.771896791648	0.000000000000	2.0	2.0
108	C	0.267351775740	0.893707259359	0.000000000000	2.0	2.0
109	C	0.468160370780	0.000903315038	0.000000000000	2.0	2.0
110	C	0.464832627059	0.113375511089	0.000000000000	2.0	2.0
111	C	0.462091062412	0.227702767475	0.000000000000	2.0	2.0
112	C	0.466708294816	0.333727751683	0.000000000000	2.0	2.0
113	C	0.471168387569	0.445280292557	0.000000000000	2.0	2.0
114	C	0.466676367155	0.554001388645	0.000000000000	2.0	2.0
115	C	0.467130578662	0.660742581865	0.000000000000	2.0	2.0
116	C	0.462908428993	0.777839032810	0.000000000000	2.0	2.0
117	C	0.466857060387	0.882535030643	0.000000000000	2.0	2.0
118	C	0.664378287275	0.000056082147	0.000000000000	2.0	2.0
119	C	0.665109536284	0.105414530555	0.000000000000	2.0	2.0
120	C	0.665250555615	0.221950175555	0.000000000000	2.0	2.0
121	C	0.672494914847	0.334057690489	0.000000000000	2.0	2.0
122	C	0.665432437014	0.443272335406	0.000000000000	2.0	2.0
123	C	0.662882398973	0.558038580724	0.000000000000	2.0	2.0
124	C	0.670106260554	0.667529321027	0.000000000000	2.0	2.0
125	C	0.672920962439	0.776736568037	0.000000000000	2.0	2.0
126	C	0.667114930927	0.891178767862	0.000000000000	2.0	2.0
127	C	0.870234790884	0.001511739683	0.000000000000	2.0	2.0
128	C	0.862397598599	0.112203202692	0.000000000000	2.0	2.0
129	C	0.862787865336	0.218241615650	0.000000000000	2.0	2.0
130	C	0.867113935530	0.335490833445	0.000000000000	2.0	2.0
131	C	0.857434944471	0.448098091263	0.000000000000	2.0	2.0
132	C	0.868435846243	0.554458128294	0.000000000000	2.0	2.0
133	C	0.870609404262	0.670314670056	0.000000000000	2.0	2.0
134	C	0.869214242368	0.775387841901	0.000000000000	2.0	2.0
135	C	0.871680021567	0.889663447106	0.000000000000	2.0	2.0
136	C	0.166046302464	0.051916983766	0.000000000000	2.0	2.0
137	C	0.164551166204	0.169044875576	0.000000000000	2.0	2.0
138	C	0.170997932703	0.277083547088	0.000000000000	2.0	2.0
139	C	0.164826433435	0.387199668436	0.000000000000	2.0	2.0
140	C	0.170456520499	0.501500532560	0.000000000000	2.0	2.0
141	C	0.166987057103	0.610511678128	0.000000000000	2.0	2.0
142	C	0.160481292085	0.725679217839	0.000000000000	2.0	2.0
143	C	0.165420860179	0.834844168060	0.000000000000	2.0	2.0
144	C	0.162556678075	0.941140225575	0.000000000000	2.0	2.0
145	C	0.365159011871	0.054332348924	0.000000000000	2.0	2.0
146	C	0.369212959753	0.164891426809	0.000000000000	2.0	2.0
147	C	0.363162145577	0.278380107025	0.000000000000	2.0	2.0
148	C	0.364800259202	0.398010070913	0.000000000000	2.0	2.0
149	C	0.368217746286	0.496418525945	0.000000000000	2.0	2.0
150	C	0.368040891708	0.613421309977	0.000000000000	2.0	2.0
151	C	0.366108639786	0.722715618572	0.000000000000	2.0	2.0
152	C	0.365844880777	0.832509590764	0.000000000000	2.0	2.0
153	C	0.366820063059	0.940703797650	0.000000000000	2.0	2.0
154	C	0.564941182226	0.054699551905	0.000000000000	2.0	2.0
155	C	0.564112404795	0.166298073529	0.000000000000	2.0	2.0
156	C	0.566578643011	0.282309406451	0.000000000000	2.0	2.0
157	C	0.571182718068	0.391063086826	0.000000000000	2.0	2.0
158	C	0.567598474169	0.503276206857	0.000000000000	2.0	2.0
159	C	0.561115820340	0.613616816513	0.000000000000	2.0	2.0
160	C	0.566138003077	0.723843511969	0.000000000000	2.0	2.0
161	C	0.564055739452	0.839117975633	0.000000000000	2.0	2.0
162	C	0.565458977777	0.942131060242	0.000000000000	2.0	2.0
163	C	0.764991917723	0.054676021927	0.000000000000	2.0	2.0
164	C	0.765604042556	0.162359374038	0.000000000000	2.0	2.0
165	C	0.768024030820	0.279612942794	0.000000000000	2.0	2.0
166	C	0.764928511508	0.390231895489	0.000000000000	2.0	2.0
167	C	0.767968724324	0.496484873316	0.000000000000	2.0	2.0
168	C	0.762090844547	0.611569069958	0.000000000000	2.0	2.0
169	C	0.760368331420	0.724409847426	0.000000000000	2.0	2.0
170	C	0.767796990654	0.834796349653	0.000000000000	2.0	2.0
171	C	0.768704118897	0.944763707922	0.000000000000	2.0	2.0
172	C	0.961294087430	0.060263028822	0.000000000000	2.0	2.0
173	C	0.965761070394	0.170608246355	0.000000000000	2.0	2.0
174	C	0.966683517307	0.281084260900	0.000000000000	2.0	2.0
175	C	0.965051582508	0.391381732118	0.000000000000	2.0	2.0
176	C	0.966992250254	0.496575207900	0.000000000000	2.0	2.0
177	C	0.967115749629	0.611295041482	0.000000000000	2.0	2.0
178	C	0.968355052628	0.722366629466	0.000000000000	2.0	2.0
179	C	0.966180255981	0.830849498889	0.000000000000	2.0	2.0
180	C	0.966528347424	0.943993173065	0.000000000000	2.0	2.0
Atoms.SpeciesAndCoordinates>
Atoms.UnitVectors.Unit             Ang #  Ang|AU
<Atoms.UnitVectors                     # unit=Ang.
	21.3388652802	0.0000000000	0.0000000000
	0.0000000000	22.1760000000	0.0000000000
	0.0000000000	0.0000000000	20.0000000000
Atoms.UnitVectors>

# SCF or Electronic System
scf.XcType                 GGA-PBE     # LDA|LSDA-CA|LSDA-PW
scf.SpinPolarization       off         # On|Off
scf.ElectronicTemperature  300.0       # default=300 (K)
scf.energycutoff           300.0       # default=150 (Ry)
scf.maxIter                200         # default=40
scf.EigenvalueSolver       band        # Recursion|Cluster|Band
scf.lapack.dste            dstevx      # dstegr|dstedc|dstevx, default=dstegr
scf.Kgrid                 18 18 1      # means nk1xnk2xnk3
scf.Mixing.Type           rmm-diisk    # Simple|Rmm-Diis|Gr-Pulay
scf.Init.Mixing.Weight     0.010       # default=0.30
scf.Min.Mixing.Weight      0.001       # default=0.001
scf.Max.Mixing.Weight      0.200       # default=0.40
scf.Mixing.History         15          # default=5
scf.Mixing.StartPulay       5          # default=6
scf.criterion             1.0e-8       # default=1.0e-6 (Hartree)
scf.Ngrid               300 300 300    # x*y*z grids should be able to divide by 6.

# MD or Geometry Optimization
MD.Type                     EF         # Nomd|Opt|NVE|NVT_VS|NVT_NH
                                       # Constraint_Opt|DIIS2|Constraint_DIIS2
MD.Opt.DIIS.History          5         # default=4
MD.Opt.StartDIIS             6         # default=5
MD.Opt.EveryDIIS         10000         # default=10
MD.maxIter                   1         # default=1
MD.TimeStep                1.0         # default=0.5 (fs)
MD.Opt.criterion           1.0e-4      # default=1.0e-4 (Hartree/bohr)

Band.dispersion             off       # on|off, default=off

Dos.fileout                 off       # on|off, default=off
