# File Name
System.CurrrentDirectory  ./    # default=./
System.Name               Rand4
DATA.PATH                 /TGM/Apps/OpenMX/3.9/openmx3.9.9/DFT_DATA19
level.of.stdout           1    # default=1 (1-3)
level.of.fileout          2    # default=1 (0-2)

# Definition of Atomic Species
Species.Number       1
<Definition.of.Atomic.Species
  C	C6.0-s2p2d1	C_PBE19
Definition.of.Atomic.Species>

# Atoms
Atoms.Number	180
Atoms.SpeciesAndCoordinates.Unit	FRAC
<Atoms.SpeciesAndCoordinates
1	C	0.032579609733	0.054154376079	0.000000000000	2.0	2.0
2	C	0.032736141798	0.179251231090	0.000000000000	2.0	2.0
3	C	0.029393804766	0.273650307995	0.000000000000	2.0	2.0
4	C	0.037208502138	0.386520162189	0.000000000000	2.0	2.0
5	C	0.038559152428	0.498820919979	0.000000000000	2.0	2.0
6	C	0.032276989547	0.613541740827	0.000000000000	2.0	2.0
7	C	0.033133876604	0.718808541200	0.000000000000	2.0	2.0
8	C	0.032254050730	0.831819360270	0.000000000000	2.0	2.0
9	C	0.032978186934	0.948065209043	0.000000000000	2.0	2.0
10	C	0.231490938518	0.054226549738	0.000000000000	2.0	2.0
11	C	0.238269014426	0.165063792789	0.000000000000	2.0	2.0
12	C	0.231235498916	0.278636917499	0.000000000000	2.0	2.0
13	C	0.231122736560	0.387190030760	0.000000000000	2.0	2.0
14	C	0.231175557954	0.497820825991	0.000000000000	2.0	2.0
15	C	0.233769163424	0.609893136439	0.000000000000	2.0	2.0
16	C	0.234196486053	0.724033858748	0.000000000000	2.0	2.0
17	C	0.234730879501	0.834750892057	0.000000000000	2.0	2.0
18	C	0.235259761082	0.944667168454	0.000000000000	2.0	2.0
19	C	0.434919100406	0.049247217817	0.000000000000	2.0	2.0
20	C	0.433220978703	0.171454203804	0.000000000000	2.0	2.0
21	C	0.433491442944	0.279266183656	0.000000000000	2.0	2.0
22	C	0.437210290564	0.388683627765	0.000000000000	2.0	2.0
23	C	0.433260376484	0.494299882814	0.000000000000	2.0	2.0
24	C	0.434145219912	0.613319474512	0.000000000000	2.0	2.0
25	C	0.442324423885	0.721764943835	0.000000000000	2.0	2.0
26	C	0.433698926420	0.833854637499	0.000000000000	2.0	2.0
27	C	0.434625753921	0.943427530533	0.000000000000	2.0	2.0
28	C	0.633112000324	0.049850107186	0.000000000000	2.0	2.0
29	C	0.638142374056	0.168284255528	0.000000000000	2.0	2.0
30	C	0.628055015856	0.272045258682	0.000000000000	2.0	2.0
31	C	0.632191874199	0.389033155109	0.000000000000	2.0	2.0
32	C	0.631346637365	0.499186134625	0.000000000000	2.0	2.0
33	C	0.631941901363	0.609023292315	0.000000000000	2.0	2.0
34	C	0.629968285621	0.719995471407	0.000000000000	2.0	2.0
35	C	0.629410137397	0.834013401419	0.000000000000	2.0	2.0
36	C	0.633567070772	0.953241525639	0.000000000000	2.0	2.0
37	C	0.833102517193	0.053299131479	0.000000000000	2.0	2.0
38	C	0.828796991848	0.156715647060	0.000000000000	2.0	2.0
39	C	0.834468071158	0.274248793502	0.000000000000	2.0	2.0
40	C	0.829717509850	0.384398687273	0.000000000000	2.0	2.0
41	C	0.834642005781	0.497672522726	0.000000000000	2.0	2.0
42	C	0.834533684260	0.610285871508	0.000000000000	2.0	2.0
43	C	0.838936769889	0.720828318453	0.000000000000	2.0	2.0
44	C	0.829308345496	0.833539013684	0.000000000000	2.0	2.0
45	C	0.831312879723	0.946135537834	0.000000000000	2.0	2.0
46	C	0.133537772192	0.002443983856	0.000000000000	2.0	2.0
47	C	0.134932440263	0.109411306799	0.000000000000	2.0	2.0
48	C	0.131395954710	0.220054277493	0.000000000000	2.0	2.0
49	C	0.133616744560	0.332249434498	0.000000000000	2.0	2.0
50	C	0.128909906832	0.439698352743	0.000000000000	2.0	2.0
51	C	0.133902268811	0.557380354385	0.000000000000	2.0	2.0
52	C	0.129273188079	0.668060694675	0.000000000000	2.0	2.0
53	C	0.133655588380	0.781301196990	0.000000000000	2.0	2.0
54	C	0.133653875380	0.888697890001	0.000000000000	2.0	2.0
55	C	0.337405686663	-0.004569714782	0.000000000000	2.0	2.0
56	C	0.333438950503	0.111946831434	0.000000000000	2.0	2.0
57	C	0.339381249187	0.216882968677	0.000000000000	2.0	2.0
58	C	0.327909518424	0.339313098638	0.000000000000	2.0	2.0
59	C	0.334777837591	0.445906027214	0.000000000000	2.0	2.0
60	C	0.335453602502	0.555050199705	0.000000000000	2.0	2.0
61	C	0.331404753262	0.668366285666	0.000000000000	2.0	2.0
62	C	0.328233305103	0.776397351307	0.000000000000	2.0	2.0
63	C	0.331048691651	0.894479546570	0.000000000000	2.0	2.0
64	C	0.537484936064	0.004088424916	0.000000000000	2.0	2.0
65	C	0.532287793956	0.106661036380	0.000000000000	2.0	2.0
66	C	0.535965893054	0.220687548882	0.000000000000	2.0	2.0
67	C	0.533663526528	0.329905486431	0.000000000000	2.0	2.0
68	C	0.539019505897	0.444529147824	0.000000000000	2.0	2.0
69	C	0.535240692142	0.554236868385	0.000000000000	2.0	2.0
70	C	0.532961489929	0.666456678670	0.000000000000	2.0	2.0
71	C	0.533131449337	0.781679703172	0.000000000000	2.0	2.0
72	C	0.532671690954	0.889479980760	0.000000000000	2.0	2.0
73	C	0.728829100090	0.003964422774	0.000000000000	2.0	2.0
74	C	0.729403829122	0.109823025636	0.000000000000	2.0	2.0
75	C	0.737512759457	0.221683473571	0.000000000000	2.0	2.0
76	C	0.733320907643	0.332300561517	0.000000000000	2.0	2.0
77	C	0.735481951334	0.446503898386	0.000000000000	2.0	2.0
78	C	0.732817768490	0.556904014140	0.000000000000	2.0	2.0
79	C	0.734878123348	0.668745913373	0.000000000000	2.0	2.0
80	C	0.732014333741	0.782390171783	0.000000000000	2.0	2.0
81	C	0.735489343295	0.888809803693	0.000000000000	2.0	2.0
82	C	0.923127001106	0.001332304930	0.000000000000	2.0	2.0
83	C	0.935200668453	0.112944682543	0.000000000000	2.0	2.0
84	C	0.932015503934	0.221833809028	0.000000000000	2.0	2.0
85	C	0.935161304204	0.334026276392	0.000000000000	2.0	2.0
86	C	0.937541195707	0.442337914525	0.000000000000	2.0	2.0
87	C	0.931372724795	0.553459950320	0.000000000000	2.0	2.0
88	C	0.934370024436	0.666978936159	0.000000000000	2.0	2.0
89	C	0.932399929345	0.779244750466	0.000000000000	2.0	2.0
90	C	0.928619151469	0.885612027032	0.000000000000	2.0	2.0
91	C	0.064689185948	0.003218795525	0.000000000000	2.0	2.0
92	C	0.075806378239	0.109736505733	0.000000000000	2.0	2.0
93	C	0.067596581406	0.232420287803	0.000000000000	2.0	2.0
94	C	0.065806569277	0.338220808214	0.000000000000	2.0	2.0
95	C	0.066453595722	0.446019061965	0.000000000000	2.0	2.0
96	C	0.065751251825	0.550625972005	0.000000000000	2.0	2.0
97	C	0.062477363307	0.665622674684	0.000000000000	2.0	2.0
98	C	0.064429590135	0.777868352092	0.000000000000	2.0	2.0
99	C	0.067947908284	0.888891565046	0.000000000000	2.0	2.0
100	C	0.267871675493	-0.004899583434	0.000000000000	2.0	2.0
101	C	0.261514232006	0.114639729289	0.000000000000	2.0	2.0
102	C	0.265538842778	0.218194612029	0.000000000000	2.0	2.0
103	C	0.267264714356	0.334802672425	0.000000000000	2.0	2.0
104	C	0.266020145516	0.443260505745	0.000000000000	2.0	2.0
105	C	0.264212957992	0.557384361748	0.000000000000	2.0	2.0
106	C	0.270044996952	0.666860552322	0.000000000000	2.0	2.0
107	C	0.271187094196	0.774526982669	0.000000000000	2.0	2.0
108	C	0.268669470436	0.890622909548	0.000000000000	2.0	2.0
109	C	0.467001921698	0.002496313998	0.000000000000	2.0	2.0
110	C	0.465858581097	0.114810228762	0.000000000000	2.0	2.0
111	C	0.468939790001	0.222436585950	0.000000000000	2.0	2.0
112	C	0.467142359882	0.339475387170	0.000000000000	2.0	2.0
113	C	0.470161689888	0.446127680505	0.000000000000	2.0	2.0
114	C	0.465991620396	0.551975846672	0.000000000000	2.0	2.0
115	C	0.471338860198	0.671495090472	0.000000000000	2.0	2.0
116	C	0.465133592880	0.782755366238	0.000000000000	2.0	2.0
117	C	0.460186535601	0.886949998941	0.000000000000	2.0	2.0
118	C	0.667710703507	-0.004112688929	0.000000000000	2.0	2.0
119	C	0.664099490598	0.112896838389	0.000000000000	2.0	2.0
120	C	0.668532973112	0.221427642229	0.000000000000	2.0	2.0
121	C	0.667726564397	0.337231532504	0.000000000000	2.0	2.0
122	C	0.665421880095	0.439708522552	0.000000000000	2.0	2.0
123	C	0.666413363985	0.554391896396	0.000000000000	2.0	2.0
124	C	0.662790231995	0.665852349714	0.000000000000	2.0	2.0
125	C	0.670975966892	0.765546068616	0.000000000000	2.0	2.0
126	C	0.668337616429	0.889179432774	0.000000000000	2.0	2.0
127	C	0.861048563147	-0.004753958887	0.000000000000	2.0	2.0
128	C	0.861617215715	0.109428601129	0.000000000000	2.0	2.0
129	C	0.861719076616	0.222473460303	0.000000000000	2.0	2.0
130	C	0.867747928391	0.333665566209	0.000000000000	2.0	2.0
131	C	0.868709241209	0.445223538948	0.000000000000	2.0	2.0
132	C	0.866116335707	0.557379055685	0.000000000000	2.0	2.0
133	C	0.865391959557	0.666294183500	0.000000000000	2.0	2.0
134	C	0.860161132094	0.777966287373	0.000000000000	2.0	2.0
135	C	0.868324949679	0.888100290193	0.000000000000	2.0	2.0
136	C	0.156621109584	0.058100801613	0.000000000000	2.0	2.0
137	C	0.169138018958	0.162066916553	0.000000000000	2.0	2.0
138	C	0.161035122974	0.282245221227	0.000000000000	2.0	2.0
139	C	0.171099727129	0.387418975707	0.000000000000	2.0	2.0
140	C	0.165689185915	0.509228183453	0.000000000000	2.0	2.0
141	C	0.166250789690	0.609473544012	0.000000000000	2.0	2.0
142	C	0.166364000469	0.720865178235	0.000000000000	2.0	2.0
143	C	0.164475137405	0.829652850101	0.000000000000	2.0	2.0
144	C	0.155334023572	0.939922552934	0.000000000000	2.0	2.0
145	C	0.364498288066	0.050773965768	0.000000000000	2.0	2.0
146	C	0.366967013054	0.166767251743	0.000000000000	2.0	2.0
147	C	0.370328057279	0.276892891849	0.000000000000	2.0	2.0
148	C	0.368220236792	0.392523926037	0.000000000000	2.0	2.0
149	C	0.365133041554	0.502460731798	0.000000000000	2.0	2.0
150	C	0.365111727092	0.614628486811	0.000000000000	2.0	2.0
151	C	0.365841687829	0.720006497622	0.000000000000	2.0	2.0
152	C	0.367725994969	0.832970621447	0.000000000000	2.0	2.0
153	C	0.367363243989	0.947770662028	0.000000000000	2.0	2.0
154	C	0.560543169422	0.055233797659	0.000000000000	2.0	2.0
155	C	0.571862496647	0.165093171753	0.000000000000	2.0	2.0
156	C	0.567645784095	0.278133432989	0.000000000000	2.0	2.0
157	C	0.561848128714	0.387413796755	0.000000000000	2.0	2.0
158	C	0.565894841126	0.505541594726	0.000000000000	2.0	2.0
159	C	0.570342576168	0.610117251552	0.000000000000	2.0	2.0
160	C	0.565792234952	0.723040835124	0.000000000000	2.0	2.0
161	C	0.565992053274	0.833225470650	0.000000000000	2.0	2.0
162	C	0.565079370959	0.944258594807	0.000000000000	2.0	2.0
163	C	0.765744097071	0.057711760278	0.000000000000	2.0	2.0
164	C	0.760345942879	0.165482687883	0.000000000000	2.0	2.0
165	C	0.762029118972	0.279486540599	0.000000000000	2.0	2.0
166	C	0.766568658724	0.388878123775	0.000000000000	2.0	2.0
167	C	0.766439064581	0.500076729528	0.000000000000	2.0	2.0
168	C	0.764458130235	0.606114050332	0.000000000000	2.0	2.0
169	C	0.767307724079	0.720879638366	0.000000000000	2.0	2.0
170	C	0.772746035455	0.831318845952	0.000000000000	2.0	2.0
171	C	0.769051869006	0.938424841252	0.000000000000	2.0	2.0
172	C	0.973192534636	0.054773930440	0.000000000000	2.0	2.0
173	C	0.970198150956	0.168318686079	0.000000000000	2.0	2.0
174	C	0.963295231325	0.280989902310	0.000000000000	2.0	2.0
175	C	0.965954719227	0.387321085106	0.000000000000	2.0	2.0
176	C	0.966949424679	0.495784514868	0.000000000000	2.0	2.0
177	C	0.964137033767	0.610036612447	0.000000000000	2.0	2.0
178	C	0.967699718210	0.722325831270	0.000000000000	2.0	2.0
179	C	0.966684252142	0.831096805464	0.000000000000	2.0	2.0
180	C	0.966142772867	0.939628373024	0.000000000000	2.0	2.0
Atoms.SpeciesAndCoordinates>
Atoms.UnitVectors.Unit             Ang #  Ang|AU
<Atoms.UnitVectors                     # unit=Ang.
	21.3388652802	0.0000000000	0.0000000000
	0.0000000000	22.1760000000	0.0000000000
	0.0000000000	0.0000000000	20.0000000000
Atoms.UnitVectors>

# SCF or Electronic System
scf.XcType                 GGA-PBE     # LDA|LSDA-CA|LSDA-PW
scf.SpinPolarization       off         # On|Off
scf.ElectronicTemperature  300.0       # default=300 (K)
scf.energycutoff           300.0       # default=150 (Ry)
scf.maxIter                200         # default=40
scf.EigenvalueSolver       band        # Recursion|Cluster|Band
scf.lapack.dste            dstevx      # dstegr|dstedc|dstevx, default=dstegr
scf.Kgrid                 18 18 1      # means nk1xnk2xnk3
scf.Mixing.Type           rmm-diisk    # Simple|Rmm-Diis|Gr-Pulay
scf.Init.Mixing.Weight     0.010       # default=0.30
scf.Min.Mixing.Weight      0.001       # default=0.001
scf.Max.Mixing.Weight      0.200       # default=0.40
scf.Mixing.History         15          # default=5
scf.Mixing.StartPulay       5          # default=6
scf.criterion             1.0e-8       # default=1.0e-6 (Hartree)
scf.Ngrid               300 300 300    # x*y*z grids should be able to divide by 6.

# MD or Geometry Optimization
MD.Type                     EF         # Nomd|Opt|NVE|NVT_VS|NVT_NH
                                       # Constraint_Opt|DIIS2|Constraint_DIIS2
MD.Opt.DIIS.History          5         # default=4
MD.Opt.StartDIIS             6         # default=5
MD.Opt.EveryDIIS         10000         # default=10
MD.maxIter                   1         # default=1
MD.TimeStep                1.0         # default=0.5 (fs)
MD.Opt.criterion           1.0e-4      # default=1.0e-4 (Hartree/bohr)

Band.dispersion             off       # on|off, default=off

Dos.fileout                 off       # on|off, default=off
