# File Name
System.CurrrentDirectory  ./    # default=./
System.Name               Rand3
DATA.PATH                 /TGM/Apps/OpenMX/3.9/openmx3.9.9/DFT_DATA19
level.of.stdout           1    # default=1 (1-3)
level.of.fileout          2    # default=1 (0-2)

# Definition of Atomic Species
Species.Number       1
<Definition.of.Atomic.Species
  C	C6.0-s2p2d1	C_PBE19
Definition.of.Atomic.Species>

# Atoms
Atoms.Number	180
Atoms.SpeciesAndCoordinates.Unit	FRAC
<Atoms.SpeciesAndCoordinates
1	C	0.032853932417	0.058103521414	0.000000000000	2.0	2.0
2	C	0.033850819537	0.166784645295	0.000000000000	2.0	2.0
3	C	0.035100602984	0.279654453121	0.000000000000	2.0	2.0
4	C	0.031035192099	0.388244403366	0.000000000000	2.0	2.0
5	C	0.033761249861	0.503597170437	0.000000000000	2.0	2.0
6	C	0.035345590065	0.611491354102	0.000000000000	2.0	2.0
7	C	0.031897942679	0.721731500547	0.000000000000	2.0	2.0
8	C	0.030782985413	0.829892174929	0.000000000000	2.0	2.0
9	C	0.034128730553	0.943349649306	0.000000000000	2.0	2.0
10	C	0.232911525800	0.056348800602	0.000000000000	2.0	2.0
11	C	0.232476266699	0.167370773653	0.000000000000	2.0	2.0
12	C	0.232310704136	0.276717953325	0.000000000000	2.0	2.0
13	C	0.237685524922	0.393704882334	0.000000000000	2.0	2.0
14	C	0.228490522998	0.491030996327	0.000000000000	2.0	2.0
15	C	0.238204940033	0.612065080899	0.000000000000	2.0	2.0
16	C	0.236964561236	0.722948441300	0.000000000000	2.0	2.0
17	C	0.235636986852	0.834584158317	0.000000000000	2.0	2.0
18	C	0.234073375883	0.945459869528	0.000000000000	2.0	2.0
19	C	0.439255602073	0.055996015882	0.000000000000	2.0	2.0
20	C	0.434613890987	0.172937726037	0.000000000000	2.0	2.0
21	C	0.435036056293	0.283212326510	0.000000000000	2.0	2.0
22	C	0.434624586962	0.387571369625	0.000000000000	2.0	2.0
23	C	0.428727373585	0.499190567470	0.000000000000	2.0	2.0
24	C	0.431252581758	0.611683644282	0.000000000000	2.0	2.0
25	C	0.432717992606	0.719886597270	0.000000000000	2.0	2.0
26	C	0.429223287234	0.837480433542	0.000000000000	2.0	2.0
27	C	0.432746891108	0.945555127563	0.000000000000	2.0	2.0
28	C	0.632839067784	0.056095764291	0.000000000000	2.0	2.0
29	C	0.635778405053	0.164849425451	0.000000000000	2.0	2.0
30	C	0.631874255898	0.278884064688	0.000000000000	2.0	2.0
31	C	0.632855302701	0.387453428943	0.000000000000	2.0	2.0
32	C	0.632916293861	0.508606533298	0.000000000000	2.0	2.0
33	C	0.634326028361	0.612261825175	0.000000000000	2.0	2.0
34	C	0.631612057414	0.727799358549	0.000000000000	2.0	2.0
35	C	0.638620914007	0.834521701739	0.000000000000	2.0	2.0
36	C	0.633520936063	0.946656723265	0.000000000000	2.0	2.0
37	C	0.833090551560	0.056737833061	0.000000000000	2.0	2.0
38	C	0.832754905420	0.165820679934	0.000000000000	2.0	2.0
39	C	0.833241379670	0.282875312974	0.000000000000	2.0	2.0
40	C	0.835018387965	0.388987595132	0.000000000000	2.0	2.0
41	C	0.836691418970	0.500524275801	0.000000000000	2.0	2.0
42	C	0.831673677122	0.611041417796	0.000000000000	2.0	2.0
43	C	0.838012753766	0.723914647241	0.000000000000	2.0	2.0
44	C	0.835332268019	0.833181465172	0.000000000000	2.0	2.0
45	C	0.834034618208	0.948323384077	0.000000000000	2.0	2.0
46	C	0.134081371014	-0.001597901452	0.000000000000	2.0	2.0
47	C	0.131949133941	0.108831004656	0.000000000000	2.0	2.0
48	C	0.129220468277	0.224042702319	0.000000000000	2.0	2.0
49	C	0.131045852579	0.337518699744	0.000000000000	2.0	2.0
50	C	0.131022846085	0.443058328891	0.000000000000	2.0	2.0
51	C	0.129851089341	0.546532746604	0.000000000000	2.0	2.0
52	C	0.131626223727	0.665192518755	0.000000000000	2.0	2.0
53	C	0.130932998166	0.776307092335	0.000000000000	2.0	2.0
54	C	0.146060477164	0.890517055384	0.000000000000	2.0	2.0
55	C	0.335746969107	0.000272366863	0.000000000000	2.0	2.0
56	C	0.334561471779	0.115333700172	0.000000000000	2.0	2.0
57	C	0.330878029381	0.216476468021	0.000000000000	2.0	2.0
58	C	0.337211732558	0.333768380452	0.000000000000	2.0	2.0
59	C	0.332670353340	0.444171885975	0.000000000000	2.0	2.0
60	C	0.327316729914	0.555767407752	0.000000000000	2.0	2.0
61	C	0.335098458658	0.666597454975	0.000000000000	2.0	2.0
62	C	0.332596594340	0.778696936111	0.000000000000	2.0	2.0
63	C	0.335945987118	0.885659218517	0.000000000000	2.0	2.0
64	C	0.534526915984	-0.003612181513	0.000000000000	2.0	2.0
65	C	0.533807425991	0.109998576697	0.000000000000	2.0	2.0
66	C	0.534541678079	0.223415479018	0.000000000000	2.0	2.0
67	C	0.529029072614	0.342277627788	0.000000000000	2.0	2.0
68	C	0.533306752253	0.443190528221	0.000000000000	2.0	2.0
69	C	0.531335491537	0.549464656910	0.000000000000	2.0	2.0
70	C	0.538651626301	0.667451743862	0.000000000000	2.0	2.0
71	C	0.529959675514	0.778411417873	0.000000000000	2.0	2.0
72	C	0.531431143832	0.885511261194	0.000000000000	2.0	2.0
73	C	0.732202184492	-0.000444508955	0.000000000000	2.0	2.0
74	C	0.730798030836	0.109886692259	0.000000000000	2.0	2.0
75	C	0.735970689613	0.222391668129	0.000000000000	2.0	2.0
76	C	0.733920753230	0.334303911732	0.000000000000	2.0	2.0
77	C	0.731311310890	0.448170414460	0.000000000000	2.0	2.0
78	C	0.731556823716	0.553573678610	0.000000000000	2.0	2.0
79	C	0.727656745552	0.672684382203	0.000000000000	2.0	2.0
80	C	0.734610704564	0.773110706107	0.000000000000	2.0	2.0
81	C	0.737307673028	0.889586189834	0.000000000000	2.0	2.0
82	C	0.929997317071	-0.001176073938	0.000000000000	2.0	2.0
83	C	0.933119235967	0.112699827315	0.000000000000	2.0	2.0
84	C	0.934651740687	0.217078716594	0.000000000000	2.0	2.0
85	C	0.932817428141	0.333930526543	0.000000000000	2.0	2.0
86	C	0.937670397382	0.440910084737	0.000000000000	2.0	2.0
87	C	0.935000447679	0.554208763796	0.000000000000	2.0	2.0
88	C	0.933033861235	0.671973241975	0.000000000000	2.0	2.0
89	C	0.932345004568	0.781613726394	0.000000000000	2.0	2.0
90	C	0.933491068172	0.885577184730	0.000000000000	2.0	2.0
91	C	0.067471734650	0.009408604925	0.000000000000	2.0	2.0
92	C	0.067414822686	0.110956642432	0.000000000000	2.0	2.0
93	C	0.060539605691	0.223594810150	0.000000000000	2.0	2.0
94	C	0.068914157140	0.328801683010	0.000000000000	2.0	2.0
95	C	0.068218195583	0.444698731362	0.000000000000	2.0	2.0
96	C	0.062986354218	0.554942697921	0.000000000000	2.0	2.0
97	C	0.070368706643	0.668639507838	0.000000000000	2.0	2.0
98	C	0.067836788144	0.776954271327	0.000000000000	2.0	2.0
99	C	0.066391525204	0.890244222814	0.000000000000	2.0	2.0
100	C	0.256144852758	-0.003277760007	0.000000000000	2.0	2.0
101	C	0.266729737561	0.109235485560	0.000000000000	2.0	2.0
102	C	0.267879106756	0.221918552143	0.000000000000	2.0	2.0
103	C	0.268968154722	0.332711003263	0.000000000000	2.0	2.0
104	C	0.260883330856	0.445310600255	0.000000000000	2.0	2.0
105	C	0.270527852462	0.557631209088	0.000000000000	2.0	2.0
106	C	0.268699627494	0.666427179144	0.000000000000	2.0	2.0
107	C	0.270421416634	0.778057216883	0.000000000000	2.0	2.0
108	C	0.266528048983	0.892176625090	0.000000000000	2.0	2.0
109	C	0.467441168717	0.000644480051	0.000000000000	2.0	2.0
110	C	0.468947463436	0.110274069952	0.000000000000	2.0	2.0
111	C	0.460485201203	0.216385666058	0.000000000000	2.0	2.0
112	C	0.466542507951	0.335105510029	0.000000000000	2.0	2.0
113	C	0.468197924555	0.446141101980	0.000000000000	2.0	2.0
114	C	0.466488322554	0.560520037241	0.000000000000	2.0	2.0
115	C	0.473149090531	0.667708005387	0.000000000000	2.0	2.0
116	C	0.476104513508	0.775655497854	0.000000000000	2.0	2.0
117	C	0.461065380141	0.892679993231	0.000000000000	2.0	2.0
118	C	0.668755368307	0.000197025873	0.000000000000	2.0	2.0
119	C	0.663124814275	0.116277693963	0.000000000000	2.0	2.0
120	C	0.662102512507	0.217397823994	0.000000000000	2.0	2.0
121	C	0.664729391486	0.334312708102	0.000000000000	2.0	2.0
122	C	0.667063135775	0.448422542725	0.000000000000	2.0	2.0
123	C	0.667421225034	0.550363719216	0.000000000000	2.0	2.0
124	C	0.668998553653	0.667587501671	0.000000000000	2.0	2.0
125	C	0.668397229707	0.776521697588	0.000000000000	2.0	2.0
126	C	0.668556960579	0.888307119926	0.000000000000	2.0	2.0
127	C	0.864200497488	0.009159098691	0.000000000000	2.0	2.0
128	C	0.862288630252	0.111952687090	0.000000000000	2.0	2.0
129	C	0.865274535033	0.222002587663	0.000000000000	2.0	2.0
130	C	0.862841304716	0.333958657462	0.000000000000	2.0	2.0
131	C	0.860402455598	0.443649840218	0.000000000000	2.0	2.0
132	C	0.865249750111	0.545609049911	0.000000000000	2.0	2.0
133	C	0.871627918818	0.666582423965	0.000000000000	2.0	2.0
134	C	0.869206835767	0.773766595242	0.000000000000	2.0	2.0
135	C	0.862756847341	0.888822544921	0.000000000000	2.0	2.0
136	C	0.162983589675	0.051638120080	0.000000000000	2.0	2.0
137	C	0.167486556512	0.165239007500	0.000000000000	2.0	2.0
138	C	0.164564908168	0.272466838328	0.000000000000	2.0	2.0
139	C	0.166439353145	0.389429838922	0.000000000000	2.0	2.0
140	C	0.164068513560	0.500220365092	0.000000000000	2.0	2.0
141	C	0.171638916147	0.609918413167	0.000000000000	2.0	2.0
142	C	0.167025408735	0.718717167643	0.000000000000	2.0	2.0
143	C	0.164497901059	0.838640738167	0.000000000000	2.0	2.0
144	C	0.162578677983	0.943447389952	0.000000000000	2.0	2.0
145	C	0.364021854916	0.053832053556	0.000000000000	2.0	2.0
146	C	0.365135525501	0.168627587179	0.000000000000	2.0	2.0
147	C	0.365808177098	0.278090829051	0.000000000000	2.0	2.0
148	C	0.364530332602	0.389665796304	0.000000000000	2.0	2.0
149	C	0.366143588697	0.499668403751	0.000000000000	2.0	2.0
150	C	0.367710978668	0.602234640582	0.000000000000	2.0	2.0
151	C	0.367718942168	0.724256194577	0.000000000000	2.0	2.0
152	C	0.362575960005	0.832131305105	0.000000000000	2.0	2.0
153	C	0.368601785131	0.946480137441	0.000000000000	2.0	2.0
154	C	0.578218718744	0.061882331091	0.000000000000	2.0	2.0
155	C	0.566070933829	0.167197938464	0.000000000000	2.0	2.0
156	C	0.563005021452	0.278699527854	0.000000000000	2.0	2.0
157	C	0.565736768147	0.382948028623	0.000000000000	2.0	2.0
158	C	0.562697848491	0.499286635339	0.000000000000	2.0	2.0
159	C	0.561759672765	0.606996126285	0.000000000000	2.0	2.0
160	C	0.570363722412	0.720388703203	0.000000000000	2.0	2.0
161	C	0.567011541454	0.836762780329	0.000000000000	2.0	2.0
162	C	0.565487083810	0.943609938516	0.000000000000	2.0	2.0
163	C	0.766862356215	0.057606809613	0.000000000000	2.0	2.0
164	C	0.762040937805	0.166287332974	0.000000000000	2.0	2.0
165	C	0.766850422937	0.268330426551	0.000000000000	2.0	2.0
166	C	0.765914400088	0.388314444630	0.000000000000	2.0	2.0
167	C	0.770547238407	0.509284428925	0.000000000000	2.0	2.0
168	C	0.768552808164	0.616215150030	0.000000000000	2.0	2.0
169	C	0.756199332874	0.720334916579	0.000000000000	2.0	2.0
170	C	0.767373619472	0.824260382730	0.000000000000	2.0	2.0
171	C	0.762600166058	0.944368807285	0.000000000000	2.0	2.0
172	C	0.965983585656	0.059317458890	0.000000000000	2.0	2.0
173	C	0.964995361142	0.165865393933	0.000000000000	2.0	2.0
174	C	0.967394878739	0.279027695182	0.000000000000	2.0	2.0
175	C	0.965236993588	0.394130612620	0.000000000000	2.0	2.0
176	C	0.960045221740	0.502509072008	0.000000000000	2.0	2.0
177	C	0.967651240957	0.609855789744	0.000000000000	2.0	2.0
178	C	0.976549030040	0.716704277595	0.000000000000	2.0	2.0
179	C	0.972684311380	0.834372258097	0.000000000000	2.0	2.0
180	C	0.965456763006	0.945799507737	0.000000000000	2.0	2.0
Atoms.SpeciesAndCoordinates>
Atoms.UnitVectors.Unit             Ang #  Ang|AU
<Atoms.UnitVectors                     # unit=Ang.
	21.3388652802	0.0000000000	0.0000000000
	0.0000000000	22.1760000000	0.0000000000
	0.0000000000	0.0000000000	20.0000000000
Atoms.UnitVectors>

# SCF or Electronic System
scf.XcType                 GGA-PBE     # LDA|LSDA-CA|LSDA-PW
scf.SpinPolarization       off         # On|Off
scf.ElectronicTemperature  300.0       # default=300 (K)
scf.energycutoff           300.0       # default=150 (Ry)
scf.maxIter                200         # default=40
scf.EigenvalueSolver       band        # Recursion|Cluster|Band
scf.lapack.dste            dstevx      # dstegr|dstedc|dstevx, default=dstegr
scf.Kgrid                 18 18 1      # means nk1xnk2xnk3
scf.Mixing.Type           rmm-diisk    # Simple|Rmm-Diis|Gr-Pulay
scf.Init.Mixing.Weight     0.010       # default=0.30
scf.Min.Mixing.Weight      0.001       # default=0.001
scf.Max.Mixing.Weight      0.200       # default=0.40
scf.Mixing.History         15          # default=5
scf.Mixing.StartPulay       5          # default=6
scf.criterion             1.0e-8       # default=1.0e-6 (Hartree)
scf.Ngrid               300 300 300    # x*y*z grids should be able to divide by 6.

# MD or Geometry Optimization
MD.Type                     EF         # Nomd|Opt|NVE|NVT_VS|NVT_NH
                                       # Constraint_Opt|DIIS2|Constraint_DIIS2
MD.Opt.DIIS.History          5         # default=4
MD.Opt.StartDIIS             6         # default=5
MD.Opt.EveryDIIS         10000         # default=10
MD.maxIter                   1         # default=1
MD.TimeStep                1.0         # default=0.5 (fs)
MD.Opt.criterion           1.0e-4      # default=1.0e-4 (Hartree/bohr)

Band.dispersion             off       # on|off, default=off

Dos.fileout                 off       # on|off, default=off
